Tableau en entree (4,7) : 
 2.00 |  3.00 |  1.00 |  1.00 |  0.00 |  0.00 |  5.00 | 
 4.00 |  1.00 |  2.00 |  0.00 |  1.00 |  0.00 |  11.00 | 
 3.00 |  4.00 |  2.00 |  0.00 |  0.00 |  1.00 |  8.00 | 
 5.00 |  4.00 |  3.00 |  0.00 |  0.00 |  0.00 |  0.00 | 
(0,0)2.50
(1,0)2.75
(2,0)2.67

(0)Choix :	Lig: 0  Col: 0  MinCoef: 0.000000  MaxCoef: 5.000000  Coef_S: 2.500000 
 1.00 |  3.00 |  1.00 |  1.00 |  0.00 |  0.00 |  5.00 | 
 4.00 |  1.00 |  2.00 |  0.00 |  1.00 |  0.00 |  11.00 | 
 3.00 |  4.00 |  2.00 |  0.00 |  0.00 |  1.00 |  8.00 | 
 5.00 |  4.00 |  3.00 |  0.00 |  0.00 |  0.00 |  0.00 | 
Normalise : 
 1.00 |  3.00 |  1.00 |  1.00 |  0.00 |  0.00 |  5.00 | 
 0.00 | -11.00 | -2.00 | -4.00 |  1.00 |  0.00 | -9.00 | 
 0.00 | -5.00 | -1.00 | -3.00 |  0.00 |  1.00 | -7.00 | 
 0.00 | -11.00 | -2.00 | -5.00 |  0.00 |  0.00 | -25.00 | 
! FIN !Tableau a la fin : 
 1.00 |  3.00 |  1.00 |  1.00 |  0.00 |  0.00 |  5.00 | 
 0.00 | -11.00 | -2.00 | -4.00 |  1.00 |  0.00 | -9.00 | 
 0.00 | -5.00 | -1.00 | -3.00 |  0.00 |  1.00 | -7.00 | 
 0.00 | -11.00 | -2.00 | -5.00 |  0.00 |  0.00 | -25.00 | 
